9177
6190
5395
3095
3819
9094
7103
1843
7218
2521
2627
1894
1583
2996
7222
5237
6698
1254
9131
1332
3251
2350
5905
9880
8215
7739
6115
9447
4070
4751
1278
8614
3211
3011
4771
1566
8578
9992
4787
5785
3019
3196
2223
5031
3139
6318
5910
5167
3441
8933
1825
2368
2894
3083
5695
3302
1440
9628
7585
7962
8788
7170
1003
2094
7271
8188
5800
2952
9686
1885
6034
6406
5008
6331
8589
3046
3616
2400
6038
4651
9584
3161
5475
7960
7723
3254
9473
6211
9965
6872
7116
5356
8552
5257
4251
4445
7380
9918
7713
5460
2873
7102
